# Approach frequencies (118.1-127.9)
118.1
118.3
118.5
118.7
118.9
119.1
119.3
119.5
119.7
119.9
120.1
120.3
120.5
120.7
120.9
121.1
121.3
121.5
121.7
121.9
122.1
122.3
122.5
122.7
122.9
123.1
123.3
123.5
123.7
123.9
124.1
124.3
124.5
124.7
124.9
125.1
125.3
125.5
125.7
125.9
126.1
126.3
126.5
126.7
126.9
127.1
127.3
127.5
127.7
127.9

# Tower frequencies (118.0-127.8)
118.0
118.2
118.4
118.6
118.8
119.0
119.2
119.4
119.6
119.8
120.0
120.2
120.4
120.6
120.8
121.0
121.2
121.4
121.6
121.8
122.0
122.2
122.4
122.6
122.8
123.0
123.2
123.4
123.6
123.8
124.0
124.2
124.4
124.6
124.8
125.0
125.2
125.4
125.6
125.8
126.0
126.2
126.4
126.6
126.8
127.0
127.2
127.4
127.6
127.8

# Ground frequencies (121.6-126.5)
121.6
121.7
121.8
121.9
122.0
122.1
122.2
122.3
122.4
122.5
122.6
122.7
122.8
122.9
123.0
123.1
123.2
123.3
123.4
123.5
123.6
123.7
123.8
123.9
124.0
124.1
124.2
124.3
124.4
124.5
124.6
124.7
124.8
124.9
125.0
125.1
125.2
125.3
125.4
125.5
125.6
125.7
125.8
125.9
126.0
126.1
126.2
126.3
126.4
126.5 